634467657044218750
634316467355783845
634316467354708828
634316479491505902
634316479490380884
634316475008066796
634316475006391770
634491095619541448
634491095619611452
634467655237031250
634467655234531250
634467657088593750
634467657044218750
634316462915645092
634316462914595076
634491094601573224
634491094601633227
634299173167928280
634299173164490230
634491097222683142
634491097223633197
634316424648254454
634316424647104437
634247200820156250
634247200817656250
634491090753463124
634491090753583131
634467657088593750
634549041320600371
634542084114448947
634542084114448947
634542084114448947
634542084114448947
634467658384687500
634491090324728602
634491090326028676
634467658384843750
634605145960000000
634605147260000000
634605149820000000
634605150080000000
634605150120000000
634605150160000000
634605150200000000
634605150260000000
634605150300000000
634605150320000000
634605150400000000
634605150460000000
634605150500000000
634605150540000000
634605150580000000
634605150700000000
634605150760000000
634605150820000000
634605150880000000
634605151020000000
634605151040000000
634605151080000000
634605151140000000
634605151220000000
634605151260000000
634605151300000000
634605151340000000
634534898069120045
634539483394153492
634539362744058353
634541032604617176
634548290073342058
634548290189078678
634551551133424769
634551550492263643
634551550561527764
634551550641243904
634577363209883838
634577362422172729
634577362471382799
634578320661603647
634590703772477621
634590703650030740
634590706012492037
634590706067392880
634590706140218999
634579991742440486
634560121061168323
634554071338108397
634554071204864162
634534897645579301
634534901132341425
634538912140643562
634539362632674157
634538911658270372
634539362830482505
634541032494565485
634541033478042482
634541031731542419
634545519260136148
634547235032364659
634547234105400421
634547235216567488
634551460133491825
634551550318167337
634553204500000000
634554064173871809
634554065034681321
634554090849767942
634562130976239263
634562131215577449
634572218014926914
634572217953743414
634577367109919333
634577362747023187
634578321943526968
634578320743538333
634583403618805079
634587862703145131
634587862071344021
634587862169156193
634587861911131740
634587861267776609
634587165200490990
634587859936626271
634587859792326018
634593809080451944
634595413419228489
634599129310297450
634599128825859379
634599128141091862
634604903527663720
634604901799395042
634610291658865775
634610292245386122
634534906845227460
634587165673868065
634534887894782175
634611133398657402
634611133410057418
634611133413757423
634611133421157433
634611133426357441
634611133430457446
634611133434467453
634611133439067459
634611133440967462
634611133443967466
634611133447667471
634611133450467475
634611133452167477
634611133453767480
634611133455467482
634611133456667484
634611133459667488
634611133460967490
634611133463467493
634611133466167497
634611133469067501
634611133471167504
634611133473167507
634611133474767509
634611133477267513
634611133479267515
634611133481267518
634611133482467520
634611133484067522
634611133487467527
634611133490967532
634611133492777535
634611133495077538
634611133496877541
634611133499377544
634611133501677547
634611133503577550
634611133505277552
634611133571787646
634451441554086576
634541136609736458
634591584426054163
634591516866523440
634451467691957495
634156484594062500
634156484594062500
634155751958750000
634517069559531250
634517069859687500
634517070816718750
634517071390312500
634517071642187500
634523885671250000
634597501962053439
634565629087431910
634565629802069165
634603791247539669
634603791132411467
634603790117317684
634518587353437500
634557949543745301
634565632100468752
634557931082312855
634557931760934048
634603776513463208
634603790901531061
634162082356562500
634523879078125000
634523879947343750
634162728184531250
634467657044218750
634316467355783845
634316467354708828
634316479491505902
634316479490380884
634316475008066796
634316475006391770
634491095619541448
634491095619611452
634467655237031250
634467655234531250
634467657088593750
634467657044218750
634316462915645092
634316462914595076
634491094601573224
634491094601633227
634299173167928280
634299173164490230
634491097222683142
634491097223633197
634316424648254454
634316424647104437
634247200820156250
634247200817656250
634491090753463124
634491090753583131
634467657088593750
634262120904375000
634586172514094640
634604913088324253
634605484479567431
634597044011389255
634606558693130436
634606108695846683
634611315412233165
634611315215651921
634559663520000000
634561035784171683
634561035946034170
634561025291570482
634561035263398682
634561026469843585
634561024884999235
634559667220000000
634559659860000000
634611315087664601
634611316435401687
634561027358677241
634561028897370880
634561037444017183
634561029011157628
634559663620000000
634559682700000000
634611315334448716
634611316284533058
634561026878704867
634561028453809065
634561037912439379
634561037186228223
634561024746402106
634545518963149161
634545519042383693
634553487133366246
634551457064030434
634551457197878669
634551457256378772
634551457319714883
634551457383986996
634548290214710144
634551551238412953
634571165442510294
634578320587299397
634578320617231109
634579076592376172
634581886278027662
634581621377455876
634589405302460681
634589026291869209
634589026355895065
634589026412820875
634604899368582085
634604899461987427
634551552195162634
634587864094199574
634554071096599972
634534897781767540
634534900883676989
634534900692108652
634587864649716550
634539467847525503
634604904314440671
634547279339913341
634551460272020069
634551550962292468
634554069376540950
634554066044637095
634554064455140303
634565141192238704
634566968530146174
634577368801261715
634572218068789994
634577366622248647
634578288652693025
634578320902837444
634581886136915600
634581886573195066
634581693126950380
634581075254634319
634581621501544693
634587863423866397
634587863170989953
634587862399256597
634587859217537009
634587859682033824
634589441620357659
634599128412137062
634599128034775781
634598576168558579
634604904086229996
634565111874528900
634467658384687500
634491090324728602
634491090326028676
634467658384843750
634416136020000000
634416136020000000
634416136020000000
634416136020000000
634416136020000000
633759190186562500
634121278660000000
634158725633593750
634160351100156250
634160345117187500
634165264372968750
633887153941562500
634160357637187500
634169531480000000
634169531860000000
634169532020000000
634169531200000000
634160374192812500
634160381340937500
634270979696562500
634265822154218750
633855391015312500
633887257764843750
633869183175468750
634270978583593750
633911484553281250
633911492842187500
633910471777031250
633911504410937500
633920044652187500
633920055109062500
633919295604062500
634243228241562500
634316366956077040
633887153941562500
633887154672968750
633896764958750000
633896761747968750
633896737376250000
633896760692656250
633896744980000000
633883442537500000
633801749488750000
633887259520312500
633896727588906250
633887158827656250
633896765301093750
633921847204531250
634614198244957903
634316467355783845
634316467354708828
634316479491505902
634316479490380884
634316475008066796
634316475006391770
634491095619541448
634491095619611452
634467655237031250
634467655234531250
634467657088593750
634467657044218750
634316462915645092
634316462914595076
634491094601573224
634491094601633227
634299173167928280
634299173164490230
634491097222683142
634491097223633197
634316424648254454
634316424647104437
634247200820156250
634247200817656250
634491090753463124
634491090753583131
634614198245317924
633822188759062500
633822188951406250
633822188759062500
634491090617765363
634491090618235390
633822188019687500
633822188016875000
633822188089218750
633822188085937500
633822188951406250
634291689080000000
634291692820000000
634291693260000000
634291693480000000
634291693740000000
634291694180000000
634291694440000000
634291694900000000
634291695200000000
634291695560000000
634291695920000000
634291689540000000
634291696220000000
634291696540000000
634291696820000000
634291697140000000
634291697420000000
634291697680000000
634291743300000000
634291743620000000
634291743940000000
634291744500000000
634291689840000000
634291745140000000
634291746100000000
634291746340000000
634291746620000000
634291746860000000
634291747200000000
634291747960000000
634291748220000000
634291748620000000
634291748880000000
634291690420000000
634291749100000000
634291751880000000
634291752140000000
634291752360000000
634291752700000000
634291753000000000
634291754540000000
634291754760000000
634291754980000000
634291755200000000
634291690680000000
634291755440000000
634291755640000000
634291755880000000
634291756080000000
634291756300000000
634291756520000000
634291756720000000
634291757040000000
634291757280000000
634291757540000000
634291691720000000
634291757880000000
634291758100000000
634291758340000000
634291758600000000
634291759580000000
634291759800000000
634291760040000000
634291760260000000
634291760540000000
634291760740000000
634291692000000000
634291760940000000
634291761180000000
634291761400000000
634291761620000000
634291761840000000
634291762060000000
634291762240000000
634291762400000000
634291762620000000
634291762860000000
634291692260000000
634291763040000000
634291763260000000
634291763500000000
634291692520000000
634241552316812356
634241552316892361
634611315412233165
634611315215651921
634611318438016230
634611318472948228
634559663520000000
634561035784171683
634561035946034170
634561025291570482
634561035263398682
634561026469843585
634561024884999235
634559667220000000
634559659860000000
634611315087664601
634611316435401687
634561027358677241
634561028897370880
634561037444017183
634561029011157628
634559663620000000
634559682700000000
634611315334448716
634611316284533058
634561026878704867
634561028453809065
634561037912439379
634561037186228223
634561024746402106
634612037416061731
634611320935539080
634103212552812500
634103218678281250
634104663768593750
634103215744218750
634104650451875000
634104660568125000
634103211088437500
634162082356562500
634523879078125000
634523879947343750
634162728184531250
634582729384200650
634451441554086576
634541136609736458
634591584426054163
634591516866523440
634451467691957495
634156484594062500
634156484594062500
634155751958750000
634517069559531250
634517069859687500
634517070816718750
634517071390312500
634517071642187500
634523885671250000
634597501962053439
634565629087431910
634565629802069165
634603791247539669
634603791132411467
634603790117317684
634518587353437500
634557949543745301
634565632100468752
634557931082312855
634557931760934048
634603776513463208
634603790901531061
634597493191755014
634597500356391177
634601640566702318
634622761495981369
634622762073154382
634622762653247561
634622763029149062
634622763441022619
634622763643154181
634622764133152207
634622764636130976
634622765092137058
634622765448137420
634622765706132176
634622765908883773
634622766008999499
634622766110145284
634622766172988879
634622766245002998
634622766319117237
634622766360109582
634622766426103356
634622766450994780
634622766496117361
634622766546100220
634622766585042447
634622766646995991
634622766715009881
634622766781013656
634622766860998231
634622766942982920
634622766965104185
634622767013196936
634622767095991672
634622767183106654
634622767234199577
634622767307113747
634622767344995914
634622767448081810
634622767589189881
634622767690195658
634622767778180691
634611996710014055
634611996887070853
634611996075845145
634611995984821813
634613795654072757
634572303603080661
634572302951799745
634572292417774885
634572289927301378
634572290035111529
634572293030445747
634572293589516533
634572295498309222
634572294017277136
634572294953908454
634572294089477237
634572294596257951
634572295904789795
634572296663600864
634572290926542785
634572290091321609
634572293334586175
634572290270151861
634572293277176094
634572293135855895
634572290217441786
634572302555019157
634572303579980629
634572302719649389
634579085585784894
634572303305850243
634572302991999801
634572302940599729
634622395757779398
634622785665593792
634620089032335772
634620086509692011
634621772127640227
634611318438016230
634611318472948228
634604913088324253
634612037416061731
634611320935539080
634565564760000000
634565538420000000
634551550980000000
634553499100000000
634565557160000000
634319419755156250
634350291028125000
634318531776718750
634367630767656250
634318185887114152
634324551368154359
634350296579375000
634325923780000000
634324555898189739
634350295820156250
634356368064687500
634318438784570274
634318438915047278
634318439645683501
634318439588357620
634367736588593750
634350295897656250
634319437451250000
634367630082187500
634367636564218750
634416105160000000
634367631157343750
634416104680000000
634416104620000000
634367630689843750
634325960620000000
634314697047974242
634416104580000000
634314083780156250
634416104360000000
634318185536333765
634416104200000000
634332010665012329
634416103160000000
634332010730988342
634416103200000000
634318530865468750
634356368192500000
634319226555625000
634416102960000000
634332010301856751
634350288831718750
634332010257481069
634332008132392533
634367631244218750
634367631306875000
634367631530156250
634316728891250000
634308662822187500
634325960540000000
634332010149254407
634416102760000000
634416102700000000
634350288662656250
634416102560000000
634332009486769231
634416102520000000
634332009386267688
634332009342017008
634332008198899464
634367636235156250
634416101800000000
634300822947968750
634300823026875000
634300823084687500
634379647335156250
634356369534375000
634316711238906250
634316711489218750
634350288540937500
634318152318335366
634324548359642073
634390090620474161
634318438708944112
634315876208906250
634332007468390214
634350288431718750
634318438654268273
634367636320000000
634416101680000000
634367636068437500
634356369677343750
634332007524131967
634367630611250000
634350288328750000
634300824509843750
634300824612343750
634318182972244381
634318438392339249
634300823742187500
634318438287337637
634367637810312500
634319419948906250
634319419992656250
634316628165008940
634350288241250000
634316627180643820
634350288162187500
634390136181050344
634300822389531250
634356369817343750
634324554775447269
634416101500000000
634390136231326116
634316627110042736
634416101580000000
634356369938750000
634318438346763549
634350311829687500
634350311578906250
634300819676875000
634332007309319419
634332007222022956
634390089958376291
634317670484218750
634300830134218750
634350296489062500
634332033093147552
634332032762842478
634332032537889023
634332032631965468
634332032478363109
634350296351562500
634318182811616914
634416107460000000
634356371666250000
634318476644699339
634350288067656250
634300824394218750
634325277161718750
634319955289062500
634319430013281250
634319430234062500
634325278953281250
634318152915509762
634332032420512220
634319428962812500
634332032366086384
634317679493906250
634288220476562500
634332032090282148
634318454683409296
634319437030937500
634314025872187500
634319060926414021
634390089898032840
634390089841429602
634319060981814872
634296583579843750
634298291731406250
634300010604687500
634300317641875000
634416107380000000
634332005711683697
634332005744509201
634318476517172380
634317679265312500
634350294004375000
634317673357968750
634367630855156250
634367630925312500
634367630979687500
634367631044531250
634314123727343750
634314123622500000
634314113567031250
634332032213609042
634314110804062500
634325279229218750
634314099927968750
634314029003906250
634316404355531030
634316404419732016
634314087849375000
634316403860193364
634314085729687500
634314085351718750
634316402974094350
634316402917123465
634316402636188716
634332032135332840
634316401776840485
634316401723664668
634316401679588991
634315779223982673
634315824710156250
634316399119683959
634315779953509077
634316398187469082
634316451049396315
634316624179017688
634316374535281544
634316625962525110
634316397111332497
634316624011615116
634316374434484982
634316624099066460
634316623621549116
634316622610983594
634318093833527060
634316623177267292
634316622752585769
634318094180307386
634318091907272473
634318091735294831
634318091694619206
634317660714375000
634318091612392943
634332004713243361
634317665904843750
634318091571117310
634356370897343750
634317664111562500
634318091138460664
634317664417656250
634317660626875000
634317660524687500
634317664493906250
634317664328437500
634317673445312500
634318090498000827
634318182616143902
634318073599686267
634318089613712244
634318475841311999
634318475728510266
634318475643408959
634318435472744405
634318444096285384
634318435301391773
634318435512120010
634318476438596173
634319059951374045
634319061559273742
634319227632968750
634319414290937500
634319060005124870
634319061460322222
634332013709557396
634332030569033782
634332034309716263
634319916976562500
634319916813750000
634319413551875000
634319916626875000
634332031630700089
634332031397746511
634332031270044549
634332030886788662
634332030837362903
634332030790262180
634332030671885362
634332029610894065
634332029494942284
634332029232238249
634332029170637303
634332028788606435
634332028454326300
634332035288731315
634332027978768996
634332027754290548
634332027654439014
634332027600888192
634332027362059523
634332027048629709
634332026860226815
634332026554197115
634332026473670878
634332026271942780
634332025529906382
634332025391954263
634332004403413602
634332025054349078
634324512617258624
634332024568441614
634332034984076636
634324511286395176
634325284487968750
634332023868105857
634332023817130074
634332023754279109
634332023702203309
634332023626927153
634332023555126050
634332022842840109
634325268227187500
634331997155966633
634325277896718750
634325924100000000
634332022550310616
634332022482509575
634332004346762732
634332021701347576
634332021868425143
634332021410518109
634332021299041397
634332021352892224
634332021231190355
634332020702107228
634332020668556713
634332020597880627
634332020543979799
634332020509254266
634332019871269467
634332019834193897
634332019681491552
634332019372786810
634332019334936229
634332019290460546
634332018594749579
634332018810027886
634332018553973953
634332018508608238
634332018471442649
634332034952156136
634332018397141493
634332018358055879
634332017845182912
634332017772771684
634332017423950534
634332017333629138
634332017001529028
634332016854681763
634332016704934453
634332004283361758
634332031720526468
634332016060729106
634332015691057136
634332015475489950
634332014196289872
634332014472494391
634332013298451002
634332013221654813
634331283838750000
634332013186584265
634332012551893821
634331285265781250
634332012515011712
634332012474159375
634332012441267494
634332012378613910
634332012333041335
634331285929218750
634332003855155181
634332034516269436
634332003812779530
634331997588923283
634331997987404404
634331996465406026
634332003672777380
634331997311644024
634331998228933113
634332002782825517
634332002862721762
634331998167882176
634332004215935722
634332001134187746
634331998306684308
634332002395632122
634332002092827471
634318554748593750
634367636451250000
634336458221069814
634336457956065744
634336457899314872
634336457845039038
634336457777738004
634336457711836992
634336450607077842
634336457528734180
634336457611635453
634336456276589947
634336456111362409
634336456015035930
634336450954833183
634336455801432649
634336455370201025
634336455214098628
634336454260823977
634336454163897488
634336452977644259
634336452742115641
634336452672564573
634336452561762871
634336451050059646
634336452428635826
634338224161406250
634338225643437500
634338225008437500
634338224915312500
634350335919687500
634350336060625000
634350335819687500
634340095152187500
634339913328906250
634340094956875000
634340094827343750
634339911865156250
634340094664218750
634350334125312500
634340092464531250
634340091964062500
634339913653593750
634340091807968750
634340091240625000
634340091041250000
634340090804218750
634339978065000000
634362262941406250
634350331099375000
634350330893437500
634350330707812500
634350328893593750
634350328799218750
634350328726093750
634350328619218750
634350323711250000
634350323368125000
634350323152031250
634317681162500000
634390096732403743
634350323037031250
634350311167187500
634350320827968750
634350308679062500
634350316568437500
634350314004687500
634350313575156250
634350313440312500
634350308870000000
634350308762968750
634350303474375000
634350305380156250
634350286016718750
634350305061093750
634350940655312500
634350304716406250
634362272581875000
634362269296875000
634362269184687500
634362268961093750
634362268621093750
634362264554218750
634362263076406250
634362261052031250
634362260985468750
634356510436562500
634316728978593750
634356365612343750
634356249493510312
634362260090156250
634356366445781250
634362259112968750
634362258877968750
634362257650625000
634362257549531250
634362257475156250
634362257003437500
634362256918750000
634362256824218750
634362256733750000
634362255497031250
634362255631718750
634362255387187500
634362255211718750
634362253919687500
634362252378906250
634362253189843750
634362252472500000
634362252697968750
634362251926406250
634362250809062500
634362250736718750
634362250615156250
634362249194843750
634362249028593750
634362248954062500
634362248672343750
634547570083664523
634362246300468750
634362246085000000
634362245986406250
634362245714062500
634367628873281250
634362243645625000
634367628551406250
634362242130000000
634367628460937500
634367621054218750
634367620967031250
634367620610937500
634367619560625000
634367619439062500
634367619327968750
634367619186718750
634367619100937500
634367618637968750
634367618551875000
634367618463125000
634367583176315000
634367581291627500
634367577214596250
634367576973971250
634367562245533750
634367562164127500
634367561945846250
634367561620221250
634367560682096250
634367560509440000
634367560756002500
634367559442565000
634367559343346250
634367557684127500
634367557619908750
634367557815065000
634367557221471250
634367556887721250
634367556053971250
634367497383741953
634367554383346250
634367499092302898
634367497661236625
634367553771471250
634367553620690000
634390093691839833
634390134361597398
634390134260195840
634390134194869837
634390133272705672
634390133208229682
634390133347756825
634390099078567777
634390099192019519
634379646484531250
634390096599496141
634390096290658477
634390088369615419
634390088450590051
634390087799402805
634390083501096956
634390083284564571
634298292361406250
634298292270156250
634390082254775670
634390081516113421
634390081177584058
634390080952801202
634390081070427929
634314034364062500
634391613655766536
634391613608150316
634391613547517762
634391613489273069
634401319689201611
634401318439432415
634401315916311255
634401315862210424
634401315473804458
634401315214800480
634401314724317946
634401314795644042
634401313686602007
634401314597515999
634401313188944363
634401312874639536
634401311634570488
634401311555094268
634401311112662472
634401310955560059
634401310756206997
634401310665630606
634401310010670546
634401309595414168
634401308520797662
634401307009744447
634401307129126286
634401307408355575
634319229012500000
634401307513157185
634401307788736417
634416108260000000
634416107940000000
634416106900000000
634416106440000000
634416106220000000
634416106120000000
634416105580000000
634416100660000000
634416100220000000
634416100100000000
634416099180000000
634416099080000000
634416096880000000
634416096820000000
634416094720000000
634455575118531995
634416096100000000
634416095980000000
634416095860000000
634416095800000000
634416095540000000
634416062540000000
634416061620000000
634416059920000000
634416058480000000
634416095380000000
634416095300000000
634416095200000000
634416053980000000
634416052240000000
634422031643556805
634422032456769296
634422032079163496
634422031994362193
634422031945086437
634422031882110469
634422031701532696
634426252080000000
634426251360000000
634426251160000000
634426250300000000
634426250620000000
634426250440000000
634426249760000000
634426249040000000
634426248940000000
634426248240000000
634426248140000000
634426247820000000
634426247740000000
634426247360000000
634426247180000000
634426246920000000
634426245580000000
634426239740000000
634426245200000000
634426245080000000
634426243400000000
634426243300000000
634426243140000000
634426240780000000
634429071244216994
634319429289062500
634319429759218750
634332004976272401
634332004999072751
634332005024423141
634332005059448679
634481382805937500
634525532514531250
634526212790156250
634319430878906250
634314029716562500
634314029469062500
634314097146875000
634316398677691630
634317664870468750
634316396469502630
634316396857183584
634332034752023057
634318074606881743
634318074641657277
634319434205312500
634319433656093750
634319432950312500
634319433020781250
634319433893750000
634319433126250000
634319433233593750
634319433309375000
634319227214687500
634319061885853758
634332034171229125
634319956127812500
634332031469722616
634332031496673030
634332031537598659
634332027231182513
634332026420645064
634332025101824807
634324509075842866
634332025237801895
634325267730156250
634332023084418820
634332022390758165
634332022365707781
634332022308331899
634332021634971557
634332018312180175
634332018277814620
634331998933818940
634331288783125000
634332000151872658
634331999045720659
634331999106071586
634331999854368088
634331999926594198
634331999956744661
634332000006720429
634332000056821198
634332000208673530
634332000281599651
634332000316075180
634332000341225566
634332000364025917
634332000392776358
634332000561828955
634332000611629720
634332000670980631
634332000714481300
634332000773657209
634332000818682900
634350293570000000
634336450542626852
634336450380574363
634336450337598703
634336450288897955
634336457474833352
634336456798922970
634336456840023601
634336456889424360
634336456931525007
634336455087021676
634336453738880951
634336451289718332
634340093563437500
634340093516406250
634350321463437500
634350320236875000
634350320323437500
634350320391093750
634350320446250000
634350317161250000
634350317319375000
634350318395937500
634350315403125000
634350315301875000
634350315214062500
634350315123437500
634350304523125000
634362262211093750
634362262292812500
634362262355000000
634362262414531250
634362263254218750
634362263317343750
634362263408593750
634362263681406250
634362260701250000
634362260789687500
634367628710000000
634367619794843750
634367619865625000
634367619922343750
634367562613033750
634367562660690000
634367557486471250
634367557042721250
634367557098658750
634367553840846250
634367553896627500
634367509296355877
634367509366823725
634367509438541557
634367509487290933
634367509552915093
634315861629218750
634319426030625000
634319426123750000
634319426181093750
634319426249687500
634390093511239503
634390093544341396
634390093578823369
634390093637266711
634325923220000000
634362256622812500
634270963000312500
634379646748906250
634379645787031250
634379645894843750
634379646086406250
634379646162500000
634379646234843750
634390095448750322
634390095483552313
634390095519494369
634390095581157896
634390092992019805
634390092833870760
634390092872282957
634390092899874535
634390092932416396
634390088154173096
634390088234447688
634390087856596076
634390082377202673
634390082424265364
634390081611408872
634390081631310010
634390081655521395
634391838250202810
634390080304694132
634390080342756309
634390080374438121
634390080406849975
634324509928495634
634401315773759065
634356367745468750
634416108080000000
634416106800000000
634416105700000000
634416105760000000
634416105820000000
634416105880000000
634416106020000000
634416100460000000
634416100540000000
634416100580000000
634416099300000000
634416099380000000
634416097020000000
634416097080000000
634416097200000000
634416097280000000
634416097360000000
634317667086718750
634314034262500000
634416096160000000
634416096240000000
634169512920000000
634169512980000000
634169513160000000
634169513560000000
634169514900000000
634169514960000000
634169514980000000
634169515540000000
634267459130312500
634169515560000000
634267446619062500
634169515640000000
634169515680000000
634267448012656250
634169515860000000
634169516520000000
634169516840000000
634267449124843750
634169516840000000
634169516940000000
634169516940000000
634169516960000000
634169517080000000
634169517180000000
634267452783281250
634169517240000000
634169517380000000
634169517900000000
634169519700000000
634169519780000000
634169520520000000
634169523660000000
634267457406562500
634169525560000000
634169525620000000
634169528360000000
634169528640000000
634169528660000000
634169528680000000
634562189299746771
634562182890849173
634562184215227993
634562185264705688
634562188243824742
634492175320538922
634562187104897738
634562181117937868
634492154336338695
634492063120581452
634492063151613227
634492063184475106
634491911220000000
634492063233467909
634492063256369219
634491911860000000
634491911880000000
634491911900000000
634491913200000000
634491913260000000
634492063335173726
634492063358465058
634492063379256247
634491913940000000
634492063423208761
634492063445360028
634491956000000000
634492063490722623
634492063522074416
634492063548045902
634492063586848121
634492063608849379
634492063712635316
634491956500000000
634491956740000000
634491956760000000
634491956800000000
634492063836072376
634491957220000000
634491957280000000
634491957340000000
634492063905456344
634492063930617783
634492063955369199
634491958320000000
634491958400000000
634491958540000000
634491958600000000
634492064122518760
634492064151350409
634492064176781863
634492064197383042
634492064219264293
634492064248865986
634492064279627746
634492064309259440
634491959440000000
634492064414225444
634492064476419001
634492064514581184
634492064545172934
634492064575764684
634492064623707426
634492064649988929
634492064683980873
634492064721163000
634492064789666918
634492064847490226
634492064885792416
634492064921584463
634492064960146669
634492064984228046
634492065005959289
634492065025350399
634492065042371372
634492065087053928
634492065125516128
634491967520000000
634491967640000000
634492065198740316
634492065233072280
634492065270644429
634492065386551058
634492065434923825
634492065546180188
634492065580022124
634492065607083672
634492065633325173
634492065660336718
634492065704069219
634492065767092824
634492065803144886
634492065868788640
634491972260000000
634492065915561316
634491972600000000
634491972660000000
634492065996955971
634492066020957344
634492066038028320
634492066065379885
634491974280000000
634491974340000000
634491974380000000
634492066224458984
634492066242450013
634492066263201200
634492066289602710
634492066307343724
634492066372167432
634492066399709007
634491975900000000
634491976040000000
634492066468472940
634491976460000000
634491976740000000
634492066534636725
634492066575339053
634492066604120699
634492066631602271
634492066662744052
634492066693315801
634492066718217225
634492066748578962
634492066771910296
634492066792271461
634492066811402555
634492066832463760
634492066876146258
634491982560000000
634491982620000000
634492066941089973
634492066978612119
634492067005673667
634492067034255301
634491983740000000
634492067091208559
634492067119460175
634492067149471891
634492067173063241
634492067243917293
634492067197264625
634492067219735910
634492067265938553
634492067283519558
634492061346749995
634492061400173050
634492061433814974
634492061469477014
634491987540000000
634491987620000000
634491987740000000
634491987760000000
634491988200000000
634491988300000000
634491988540000000
634492061967325490
634492062187368075
634492062217539801
634492062253871879
634492062277663240
634492062301614610
634491989880000000
634491990120000000
634492062542508388
634492062601171743
634491993460000000
634491994060000000
634491994080000000
634491994160000000
634491994240000000
634491994500000000
634491994560000000
634491995420000000
634492063019365663
634492062995074273
634491996540000000
634395811386875000
634395812269687500
634395810275312500
634374735995972611
634616459220000000
634616459280000000
634616459420000000
634616459460000000
634616459540000000
634616459580000000
634616459640000000
634616459680000000
634616459720000000
634616459760000000
634616459820000000
634616459840000000
634616459920000000
634616459960000000
634616460020000000
634616460040000000
634616460120000000
634616460160000000
634616460220000000
634616460280000000
634616460520000000
634616460580000000
634616460620000000
634616460700000000
634616460740000000
634616460800000000
634616460860000000
634616460900000000
634616461000000000
634616461020000000
634616461100000000
634616461120000000
634616461180000000
634616461220000000
634616461280000000
634616461320000000
634162082356562500
634523879078125000
634523879947343750
634162728184531250
634582729384200650
634613294137724787
634613293644919921
634614026942941006
634606558693130436
634606108695846683
634623295355873909
634451310249920658
634451256316229511
634541339254091449
634161770851875000
634161831666718750
634161839747031250
634459248891025689
634459254048720692
634459256359082837
634460887410625000
634460887077187500
634451321407004776
634451316099248926
634460714227656250
634427210539218750
634460713733906250
634451320863796000
634452434970264644
634460721355000000
634523054518125000
634631095965642740
634161770851875000
634513787749843750
634460765830156250
634513785277812500
634161789926718752
633357066009375000
633357066009687500
634268251278840067
634121261300000000
634121267920000000
634121268020000000
634121268700000000
634121269120000000
634121269300000000
634121269320000000
634121269540000000
634121269580000000
634121269620000000
634121270400000000
634121270720000000
634121271220000000
634121271240000000
634121271360000000
634121271380000000
634121272000000000
634121272020000000
634121272060000000
634121272200000000
634121273180000000
634121273200000000
634121273760000000
634121273780000000
634121273840000000
634121273880000000
634121274060000000
634121274080000000
634121276420000000
634121276440000000
634121276440000000
634121277800000000
634121277940000000
634121278160000000
634121278180000000
634121278440000000
634121278460000000
634121279440000000
634121279620000000
634121279700000000
634121279940000000
634121279960000000
634121279980000000
634247328571562500
634247340336250000
634467658384687500
634491090324728602
634491090326028676
634467658384843750
634275337170367828
634275337170055828
634275337170211828
634275337170679829
634275337119979740
634275337119667739
634275337119823739
634275337120291740
634275337070215652
634275337069903652
634275337070059652
634275337070527653
634247333820937500
634247334235156250
634241198032187500
634241198033281250
634241198034062500
634241209772812500
634241221653593750
634241221653906250
634241221654375000
634241221655000000
634241233334843750
634241233337812500
634241233338593750
634241233339843750
634241229076406250
634241229076562500
634241229077031250
634241229077343750
634241210511406250
634241210511875000
634241210512187500
633095823460000000
634266165577352000
634266165577352000
634266181008992000
634266526389980000
634266531349688000
634266527724872000
634266526523672000
634266526527884000
634266186512660000
634266530397620000
634266184400532000
634275342304804846
634525639760625000
634327281403761206
634327255984296559
634327226942567583
634327257409827063
634327255983984558
634280332381774008
634280332385055258
634297794640468750
634297764738906250
634282939706093750
634262183589531250
634315777099159564
634315734851544560
634297627365781250
634297627368593750
634297792445468750
634297792446562500
634256123594062500
634256160124218750
634256104633125000
634256117828906250
634256125866562500
634256127440312500
634256111756875000
634256111762031250
634256150745000000
634256148199218750
634256148202500000
634256151632656250
634256151637500000
634256157807187500
634256128804843750
634256131790781250
634256130258593750
634256165474218750
634256111831093750
634256110145312500
634256161446875000
634256153523906250
634256138733281250
634256138740468750
634256148402968750
634256148407031250
634256149338906250
634256149343906250
634256149347656250
634256146115781250
634256146122656250
634256147771093750
634256104964062500
634256106345468750
634256114412812500
634256140070312500
634256136110312500
634256127710468750
634256127716250000
634256147551562500
634256145047187500
634256143042187500
634256143046875000
634256149656562500
634256123946562500
634256123954218750
634256123962500000
634256132312343750
634256131070625000
634256142392343750
634256142397968750
634256142405000000
634256160378437500
634234654600000000
634367762292500000
634241200690468750
634241200691093750
634241200691562500
634241210513125000
634241206426875000
634241206427656250
634241206428125000
634241237206718750
634288318707500000
634275337461152339
634275337460684338
634275337460996339
634275337461308339
634275337461776340
634491090583193385
634491090584243445
634288314873906250
634315735068932930
634315734130253431
634315741419008698
634315739383702240
634315738165908384
634315734333401561
634315736384513722
634315739966281298
634315777501815908
634315741744038753
634315736458490008
634282972741406250
634315741529650416
634280332391617758
634280332398336508
634280332401305258
634280332406774008
634315733675246267
634315738336671051
634315734986741650
634315737689400998
634297601796093750
634297566450156250
634297664261562500
634297696682343750
634297611481875000
634297596421875000
634297612686093750
634297669712812500
634297613881406250
634296832857656250
634299211735376684
634297771682343750
634297563486406250
634297794769218750
634297794770312500
634297787889062500
634297745187031250
634297794945937500
634297794946250000
634297550617500000
634299206854251827
634297753547500000
634297776455312500
634297756017968750
634297777080468750
634297741080468750
634297740664843750
634299203922614852
634297792446875000
634297792447656250
634297694662968750
634299203982932756
634297794480781250
634299199657232708
634297770480625000
634297711376875000
634297711377500000
634297672117031250
634297601795781250
634297763092031250
634297693092812500
634299252871131250
634297715881250000
634308624322031250
634308658738281250
634297710285937500
634297640886250000
634299255369100000
634296839749687500
634299225632474424
634308606619218750
634308671266718750
634297688882812500
634308657543125000
634297782556093750
634297646281093750
634299222293375853
634308608972812500
634308623341875000
634308603869375000
634308619755781250
634308609464375000
634297670284218750
634297685767031250
634299207747908486
634299267148475000
634297662055625000
634297582680468750
634297582680625000
634021970364843750
634021970370625000
634021970364843750
633953732295312500
634021970370625000
634499533144004820
634499539450725544
634499532184869960
634499532340528864
634499540577309981
634241192446093750
634282938772812500
634282904787968750
634282913042968750
634282928586875000
634282933631875000
634282919955312500
634282937105312500
634282940381875000
634282907636718750
634282915363750000
634282918387031250
634316110174123724
634316104595448440
634316113237568885
634316103125081219
634316102545219782
634316123679475191
634316124177910375
634316121899962453
634316104004826245
634316124946152225
634316112464904774
634316127611000231
634316111913376630
634316107108584846
634316105773848477
633028298880000000
634561031443749999
634561030078554026
634561031032013674
634561030078104019
634561026357081853
634268261116183817
634268254034465067
634268256853527567
634268254262902567
634268246997121317
634268236489465067
634268236492590067
634268236496183817
634268236498371317
634277575536875000
634277575773593750
634277577555625000
634277589032656250
634277588969375000
634277581342187500
634277575241562500
634277575241562500
634277575241562500
634277591091718750
634491092777138872
634491092777288880
634491092834692164
634491092836232252
634491093016472561
634491093018162658
634491093052184604
634491093053234664
634491093129289014
634491093130409078
634491093247095752
634491093249295878
634491093344911347
634491093345081356
634491093380373375
634491093380653391
634491093486879467
634491093487509503
634491093497360066
634491093497960100
634491093525181657
634491093526231718
634256123578437500
634256123583281250
634256123587187500
634256133078125000
634256115943437500
634256118199687500
634256113164375000
634256128103437500
634256129137656250
634256127039687500
634256127041562500
634256114400312500
634256146428281250
634256142359531250
634256160385468750
634265759256560000
634266133704260000
634266130819508000
634266130819820000
634266130819976000
634339434635764909
634339434635874916
634211261900000000
634265761315456000
634265779582088000
634266181719432000
634266181724432000
634266526915856000
634265779582638000
634265779582888000
634265779583363000
634265779583638000
634265779583863000
634266527853260000
634266526917572000
634266526923968000
634266526653932000
634266526654244000
634266526658612000
634266153051417000
634266527984456000
634266527990540000
634266169818392000
634266527458736000
634266527460296000
634266527464976000
634266135996056000
634266165152132000
634266527854040000
634266527854352000
634266527854508000
634266527854820000
634266527860748000
634265785402863000
634265785403188000
634265785403488000
634265785403813000
634265789210813000
634266165152632000
634266165153332000
634266165157932000
634265787150788000
634265787151013000
634265787151488000
634265790786863000
634265792527763000
634266184400732000
634266186373640000
634266186377540000
634265794754913000
634266157799287000
634266139288280000
634266138356492000
634266183004372000
634266183004972000
634266183005472000
634297664262343750
634297784072187500
634297680805625000
634297774031562500
634297774033593750
634297678057500000
634297750304218750
634297671327343750
634297590341718750
634297793043437500
634297793044687500
634297761094531250
634297587572968750
634297741674843750
634297792339062500
634297792341406250
634297783805625000
634297783807968750
634297790286406250
634297790287812500
634297746486093750
634297776206093750
634297706695937500
634266529192988000
634266529194860000
634266529199852000
634266524572424000
634266172916952000
634350124090490000
634350124114640000
634350124090490000
634350130608711000
634350130592441000
634266141440924000
634350124114640000
634265795909338000
634265802901688000
634266184401132000
634266184401432000
634266184402332000
634266184403032000
634266184408732000
634266178524472000
634266178531472000
634266175791892000
634265795908738000
634265795908913000
634265795909088000
634362237400135000
634362237400310000
634362232955620000
634362235025785000
634362235011145000
634362234448085000
634362234885895000
634362234950345000
634362234881395000
634362235089250000
634362234759440000
634362235087000000
634362234825570000
634362234909820000
634362235084630000
634362235061630000
634362235004470000
634362234977370000
634362234634400000
634288796529843750
634262175297656250
634262190661718750
634262173612500000
634262182538906250
634262184667656250
634262184671250000
634262192965781250
634262162187812500
634262161197656250
634262180129375000
634262184224531250
634262171471562500
634262173136718750
634262185075468750
634262185076718750
634262176577500000
634262176577656250
634262183278593750
634262185077812500
634262174144843750
634262167169062500
634262163554843750
634253400960000000
634253400960000000
634253400960000000
634253400960000000
634253403900000000
634253403900000000
634253403900000000
634253403900000000
634253397780000000
634253397780000000
634253397780000000
634253397780000000
634253399360000000
634253399360000000
634253399360000000
634253399360000000
634253383620000000
634253383620000000
634296835780781250
634296835782187500
634296835780781250
634296835782187500
634247493298281250
634275342077980448
634491094596952959
634491094597192973
634275342109492503
634275336479286614
634275336479442615
634275336908131368
634275336906571365
634275336906883365
634275336907039366
634275336907195366
634275336907351366
634275336907663367
634275336907819367
634275336907975367
634275336908599368
634275336944791432
634275336945883434
634275336945103433
634275336945571433
634275336946195434
634275337021231566
634275337022011568
634275337021387567
634275337021543567
634275337021699567
634275337021855567
634275337022479568
634275337250395969
634275337324028098
634275337531664463
634275337532132464
634275337532600464
634275337533224466
634275337532912465
634275337533068465
634275337533536466
634275337580180548
634275337579868547
634275337580024548
634275337580492549
634275337604672591
634491094699138804
634491094699198807
634275337604828591
634275337605608593
634614050837671799
634614050838171800
634614050838271800
634275337694528749
634614050838071799
634275337719020792
634275337718552791
634275337718864792
634275337719332792
634275337744448837
634275337743824835
634275337743980836
634275337744760837
634275337774400889
634275337773932888
634275337774088889
634275337774868890
634275337804196941
634275337803884941
634275337804040941
634275337804508942
634275337832744992
634275337832276991
634275337832588991
634275337833056992
634275337843353010
634275337843041010
634275337843197010
634275337843665011
634275337910901129
634275337910433128
634275337910589128
634275337911369130
634275337911681130
634275337973613239
634275337972521237
634275337973457239
634275337974081240
634275341129498782
634275341129186781
634275341129342782
634275341129810783
634275341429019308
634275341428551307
634275341428863308
634275341429331309
634275342303400844
634275342303712844
634275342304024845
634275342304336846
634275342463457125
634275342392009000
634275342392477000
634275342462989124
634275342463301125
634275342614309390
634275342613997389
634275342614153390
634275342614621391
634275343018662100
634275343108206257
634275343144242321
634275343164834357
634275336714691028
634275336714847028
634275336715627029
634275344546060783
634491095136683830
634491095136993848
633828403760000000
633828403760000000
633828403760000000
633828383640000000
633828383640000000
633828403760000000
634262119159843750
634262119074375000
634262120904375000
634374701077185371
634374726063264493
634374728752288296
634374723806545416
634375355730795668
634374730378901333
634374731972972509
634375365259430675
634375364472055640
634375363125098598
634374739036986547
634374733019492366
634374738704537532
634374739740376779
634374736008753342
634374699734728587
634112027380000000
634491095354106266
634491095354206272
634112012580000000
634112027120000000
634112013720000000
634568131631581985
634568131639792454
634568131631581985
634568131639792454
634262126024218750
634367745763437500
634367748390156250
634367745764218750
634367745763750000
634367719638906250
634367729094687500
634367729095000000
634367744722968750
634367744149218750
634367722126406250
634367744307968750
634367763374375000
634367762694375000
634367747868437500
634367748191718750
634367748452968750
634367748453593750
634367756350000000
634367762293125000
634367753001562500
634367756350625000
634367710054375000
634367715370312500
634367735261562500
634367735262500000
634235295537187500
634235295555625000
634235295537187500
634235295555625000
633750846780000000
634188853879843750
634188853618750000
634188853659843750
634216407943406000
634491095628041934
634491095628151940
634216407943506000
634241432831145423
634241432833815576
634241432831145423
634241432833815576
634241544615385184
634241544623565651
634241544615385184
634241544623565651
634229168802054560
634229164838096775
634229207885820526
634229207888060654
634229207885820526
634229207888060654
634229164838296778
634229171742385661
634229204649701584
634229204652691755
634229204649701584
634229204652691755
634229189504404009
634229195482491221
634229176959130891
634229180976017778
634229232467764348
634229232469234432
634229232467764348
634229232469234432
634229195190881705
634229186534343229
634277591498437500
634277601013437500
634277612928593750
634246371898307179
634246389298387043
634246371897757171
634246388855890220
634246426496738505
634246426473213144
634246380139548813
634246426473163143
634345241313232593
634345239680589211
634345236431523375
634345232986340438
634345234819122955
634345235427715382
634369521831234000
634369520730909000
634369520731034000
634369557063320500
634369559931848500
634369524374724000
634369524374824000
634369524374624000
634369525133724000
634369525133824000
634369525133924000
634369506476295000
634369506476405000
634369545661592500
634369545662216500
634369545661436500
634369527668809000
634369546944224500
634369530332714000
634369538449088500
634369538448932500
634369557084224500
634369559972720500
634369552801088500
634369557084692500
634369550474504500
634369558196192500
634369540732616500
634369558196504500
634369550775584500
634369553551448500
634369550776832500
634369553551916500
634369558196348500
634369540970828500
634369531227416500
634369546048004500
634369550474192500
634369521830759000
634340123590106143
634340274770036250
634340274769816237
634340274769396213
634340257869379587
634340121362978759
634340124642796354
634340123591796240
634340258581270305
634340193519046420
634340124642056311
634340258581720331
634340124657357186
634340195203352756
634340195203072740
634340257869129573
634340221400563776
634340257870149631
634340219117513193
634340257870699663
634340255058928839
634340254992095016
634158725633593750
633887154672968750
634207759852500000
634300863360468750
634270992546562500
634300870955156250
634270993294531250
634270996728750000
633944909829062500
634271006822343750
634300852313593750
633944913954843750
634271021676875000
634300870510000000
634300858123906250
634300858842500000
634300859946718750
634300862037187500
634138638859062500
634267459130312500
634267446619062500
634267448012656250
634169516960000000
634267457406562500
634165282849531250
634187194573125000
634186863220000000
634187227928593750
634207759573281250
634186758000000000
634186758500000000
634186759040000000
634186759560000000
634186759640000000
634186759700000000
634186759760000000
634186760500000000
634186760560000000
634186771840000000
634186775100000000
634186839640000000
634186840740000000
634186845640000000
634186846140000000
634186846460000000
634186846900000000
634186847040000000
634186847720000000
634186847780000000
634186848440000000
634186848500000000
634186848560000000
634186848700000000
634186848760000000
634186849040000000
634186849260000000
634186850120000000
634186852040000000
634186852540000000
634188454124687500
634186857880000000
634186858080000000
634186858400000000
634188456043593750
634186859760000000
634186859820000000
634186859900000000
634187194573125000
634186862700000000
634186863220000000
634186893020000000
634188459536093750
634186900380000000
634188469420312500
634276146333437500
634562080587978749
634562115491563748
634562082980636453
634562086792580125
634562108648854338
634562110100763364
634537133780000000
634537134160000000
634537135520000000
634537142460000000
634537142580000000
634537142680000000
634537142940000000
634537143060000000
634537143860000000
634537145560000000
634537147360000000
634537148760000000
634537150360000000
634537151580000000
634537152460000000
634537153760000000
634537154600000000
634537155520000000
634537155980000000
634537156320000000
634537156760000000
634537157360000000
634537157780000000
634537158300000000
634537160300000000
634537161460000000
634537162180000000
634537162760000000
634537164180000000
634537167660000000
634537168760000000
634537170080000000
634537176380000000
634537176780000000
634537176920000000
634537177080000000
634537177260000000
634537177320000000
634537177480000000
634562075449647802
634507744140000000
634507744440000000
634507745220000000
634507747880000000
634507748220000000
634507748420000000
634507748980000000
634507749480000000
634507751980000000
634507752500000000
634507753480000000
634507753960000000
634507754600000000
634507755360000000
634507756720000000
634507757660000000
634507758220000000
634507758900000000
634507759880000000
634465063120000000
634465065480000000
634465065480000000
633910603250000000
633927897117812500
633672822717500000
633738647989531250
633738637858125000
633882122015000000
632956552520000000
633671965369375000
633922683098593750
632744626720000000
633672801620937500
633769621180156250
633738525452968750
633698849680156250
633698851866718750
633698854167500000
633919955979687500
633968407144218750
633936446489531250
634068789643750000
633927926568125000
633986431016875000
633928315343906250
633922513538906250
634466121539732190
633919955979687500
634365111248750000
634451441554086576
634541136609736458
634591584426054163
634591516866523440
634451467691957495
634156484594062500
634156484594062500
634156484594062500
634155751958750000
634517069559531250
634517069859687500
634517070816718750
634517071390312500
634517071642187500
634523885671250000
634597501962053439
634634736042929696
634565629087431910
634565629802069165
634603791247539669
634603791132411467
634603790117317684
634518587353437500
634557949543745301
634565632100468752
634557931082312855
634557931760934048
634603776513463208
634603790901531061
634624119667727817
634597493191755014
634597500356391177
634597500356391177
634601640566702318
634625342215629051
634625342286513106
634625342312514593
634625342389538998
634625342425641063
634625342543537807
634625342618512095
634625342665494782
634625342708497242
634625342789481874
634625342821483704
634625342863476106
634625342891657718
634625342948630977
634625343011734586
634625343036616009
634625343122500921
634625343161483151
634625343188594702
634625343233487270
634625343262588934
634625343324582480
634625343381495735
634625343453589859
634625343540604836
634625343565686270
634625343618589296
634625343636470319
634625343708574443
634625343736586045
634625343801499758
634625343828471301
634625343867693544
634625343928607028
634625343983490167
634625344065584863
634625344092616409
634625344173491035
634625344251495496
634629660405008595
634629660437850474
634629660448031056
634629660453191351
634629660463891963
634629660476762699
634629660481762985
634629660489323418
634629660496363821
634629660502424167
634629660506544403
634629660514704870
634629660519485143
634629660526815562
634629660534435998
634629660547246731
634629660554077122
634629660563437657
634629660574058264
634629660580788649
634629660584328852
634629660591989290
634629660596099525
634629660601499834
634629660612290451
634629660618820825
634629660637531895
634629660646842427
634629660654412860
634629660665833514
634629660680034326
634629660685364631
634629660689174849
634629660695855231
634629660702125589
634629660705865803
634629660710686079
634629660719356575
634629660723656821
634637055460970989
634637055473781007
634637055476181011
634637055479081015
634637055490981032
634637055492781034
634637055536781096
634637055547981111
634637055560581129
634637055570991144
634637055575991151
634637055578291154
634637055581291159
634637055582891161
634637055585191164
634637055587891168
634637055590391171
634637055592291174
634637055593891176
634637055596891180
634637055598891183
634637055600991186
634637055603191189
634637055618591211
634637055621291215
634637055626191221
634637055628291224
634637055641291243
634637055644991248
634637055711501341
634637055716101348
634637055724201359
634637055726401362
634637055730601368
634637055733801373
634637055736501376
634637055737901378
634637055741001383
634637055743101386
634625371409348837
634625371488323354
634625371582328731
634625371619340848
634625371663333364
634625371947429613
634625372406155851
634625372901224167
634625373049202631
634625373147188235
634625373239193498
634625373262584836
634625373383481751
634625373415873603
634625373494208084
634625373599214090
634625373732321703
634625373832327423
634625374005177310
634625374065300748
634625374157186004
634625374248201210
634625374303194355
634625374349186986
634625374406300252
634625374665225062
634625374748209809
634625374856205986
634625375006184564
634625375145172514
634625375226327155
634625375318292415
634625375430168814
634625375506173162
634625375602308660
634625375714315067
634625375826291471
634625375960299136
634625376090296572
634626102889785619
634626114077735533
634626117726414225
634626122316516764
634626110169712007
634626123318434070
634629259838612748
634626114557102951
634626303641676926
634626116180715816
634626301624561553
634626300317606800
634626139459177268
634626303759503665
634626139632287169
634626139556392829
634626303726501777
634626139516810565
634626139692320603
634626303672628696
634626139671169393
634626139497589465
634626139378182635
634626303692759848
634626303832418958
634626139782405756
634626139840299067
634626139736283118
634626139608175790
634626139816187688
634626303625726013
634626303804616245
634626746936691005
634626746578550520
634626746312675313
634626746749760313
634626747453700576
634626747551696181
634626746475564630
634626746237681023
634626746123514494
634626746818684255
634626746021668668
634626747345474386
634626747176524722
634626747004554886
634626747259449465
634626746697477322
634626747480392102
634626746375618913
634626747082599350
634626746641604127
634626300884399219
634626298538685051
634626303339659651
634626299981887598
634622785665593792
634624162813073101
634625371872385321
634625377637725079
634626153777386223
634621772127640227
634629263311591391
634629263511782842
634629263972489192
634629263938687259
634629263654621011
634629263747056298
634629263622649183
634629263491671691
634629263694673302
634629264070654807
634629263558415509
634629263864383009
634629263785638505
634629263900625082
634629263732585471
634629263458639802
634629263585487057
634629263431518251
634629264041653148
634629264006671147
634629263809819888
634628729925586066
634628732527874909
634628728014916782
634627947969121148
634629279136096501
634628617253251577
634630046201097644
634630057993591149
634630276041294984
634630277438324890
634565564760000000
634565538420000000
634623295355873909
634630420775648805
634630420865644722
634630274737840431
634416064680000000
634416064760000000
634416064580000000
634416050960000000
634416051120000000
634416050700000000
634350291696718750
634426251640000000
634318183021845143
634426251580000000
634318183047595538
634318183070470890
634318183100321348
634318183120271654
634426248840000000
634426239860000000
634426243880000000
634426244620000000
634426242220000000
634426242540000000
634316709856250000
634429067983466910
634429068111493877
634296755585312500
634356371315937500
634356371200312500
634356371131875000
634356371052031250
634271536939218750
634319226703281250
634296588609843750
634367636153750000
634367630528750000
634324539064416054
634296581525781250
634320162952187500
634324555814120783
634332010022977467
634332010077378303
634318476156966847
634332009757373388
634296596132500000
634325960700000000
634319436305625000
634319436363281250
634319436417343750
634319436512343750
634319436580156250
634319436646562500
634319436725937500
634318186055116733
634300830750937500
634350296659531250
634325922980000000
634356367892968750
634297710115781250
634317667388593750
634318186015341122
634356367975312500
634318476096490918
634318531406718750
634314034161718750
634318185980015579
634367630429843750
634318185921114675
634350293759687500
634308664929687500
634282924633125000
634305335330614901
634305335485764272
634120624821250000
634120624532500000
634454893875538715
634634774827214046
634630276041294984
634630277438324890
634630274737840431
634633852118606970
634633852155299068
634633164846864796
634633166771754894
634634774503535533
634634774749359593
634628729925586066
634628732527874909
634628728014916782
634210445440000000
634572299210164449
634572299210064449
634572299210264449
634573023428845964
634573023428745964
634573028204942700
634579090326101587
634579090326001587
634579090326201587
634589420694787023
634589428252470159
634589429110803667
634589431071903113
634589433424477250
634589435572601023
634589439348687661
634589440438193575
634589442382106997
634602756717818172
634602759763642465
634579083757022314
634602759917372682
634572302663849311
634602759873662620
634573018793333343
634573019073063737
634573024087956893
634573019411979509
634572302752159435
634573030785840013
634602759822752548
634602759616312257
634602759715442398
634572304485931906
634572292548585069
634572302708749374
634572302689949348
634602759963972747
634572304830782391
634573016165659644
634573014971973953
634572295163758751
634572302923299705
634572302923399705
634602760067492893
634572304842082407
634579083657002173
634573015355624493
634579085943035397
634573018400282790
634579082282910238
634602760380653335
634602760112202956
634602759530892136
634572302681049335
634572302741349420
634572302880689645
634579082332510308
634579082332510308
634572301330767435
634572302901789674
634602760236123131
634602760344943284
634602760293833212
634572303726290834
634572303671890758
634572303693490788
634602759485992074
634573026066339684
634572303670490756
634572302636839273
634572303625080692
634572303738090851
634572304388001767
634572303417160400
634572302969299769
634579083157021468
634602760016482821
634572303628380697
634572303585680637
634572302878289642
634572303441760434
634579084363633175
634573017755191882
634613783560000000
634613781020000000
634613791540000000
634613789000000000
634613793760000000
634613783320000000
634613791820000000
634613782940000000
634613782600000000
634613800440000000
634613784240000000
634613803240000000
634141323820000000
634141370500000000
634126677580000000
634141371020000000
634141369460000000
634141383380000000
634141373960000000
634141373840000000
634141373880000000
634141370440000000
634141370700000000
634141374040000000
634141372600000000
634141372920000000
634141373400000000
634141372500000000
634141372700000000
634141368220000000
634141369000000000
634141371260000000
634141371780000000
634141370740000000
634003155020156256
634004508381435230
634004508791492115
634004509026516876
634004509350952985
634004509913707959
634004510545315494
634004510912226792
634004511448686096
634004511837632458
634004512219603600
634004513190125034
634004513867585932
634004514243772670
634004514750130997
634004515619275437
634004516287901419
634004516625883771
634004516992035202
634004517418133113
634004517699192678
634004518145110320
634004518542101701
634004519007884187
634004519361904932
634004520635561495
634004522259459849
634004523491935962
634004524155391843
634004524503807602
634004525011340687
634004525972640531
634004526727753721
634004527306095615
634004527695187870
634004528742497773
634004529413856172
634004531624741545
634140414840000000
634140434600000000
634140414920000000
634140414320000000
633887689160000000
633722248740000000
633715069660000000
633722262500000000
633715101740000000
633715101780000000
633722248380000000
633722248160000000
633715101860000000
633722247680000000
633722247520000000
633715101960000000
633722247140000000
633722246820000000
633722246020000000
633722245760000000
633715102100000000
633722252900000000
633722252740000000
633722264140000000
633722242580000000
633715102240000000
633722251760000000
633715102280000000
633722351800000000
633722251380000000
633722241940000000
633722250900000000
633722265840000000
633722250180000000
633722352300000000
633722244580000000
633722243940000000
633722249780000000
633722258320000000
633715102680000000
633722257960000000
633715102760000000
633722257580000000
633722257340000000
633722256600000000
633722256420000000
633722256080000000
633722255500000000
633722255340000000
633715103020000000
633722255160000000
633722255040000000
633722254780000000
633715103140000000
633722254220000000
633722254020000000
633722260940000000
633722260780000000
633722260620000000
633722267200000000
633722260180000000
633722267020000000
633722242840000000
633715103440000000
633722259240000000
633722259020000000
633715103520000000
633715103540000000
633715120800000000
633756918760000000
633756650060000000
633756651140000000
633756654420000000
633756658960000000
633756888960000000
633756664400000000
633756890900000000
633761249760000000
633756671160000000
633756674280000000
633756895500000000
633761253040000000
633756681360000000
633761250480000000
633756685700000000
633756688960000000
633756690860000000
633756692960000000
633756942520000000
633756901420000000
633756707580000000
633756711800000000
633756902360000000
633761250280000000
633756904600000000
633756907360000000
633756918560000000
633761253320000000
633756913900000000
633756916160000000
633756912940000000
633715156800000000
633833794200000000
633833794680000000
633833796680000000
633836316520000000
633836317720000000
633836318800000000
633837214140000000
633837212860000000
633833813540000000
633836360680000000
633836321040000000
633836323780000000
633836325600000000
633836328240000000
633836332120000000
633836338500000000
633837212480000000
633836233240000000
633836340920000000
633836342760000000
633836343480000000
633836300260000000
633836344540000000
633836347600000000
633836357220000000
633836306800000000
633836307560000000
633836356620000000
633836355400000000
633836352600000000
633836350040000000
633836349500000000
633715156800000000
633886089940000000
633886090160000000
633886189200000000
633886090260000000
633886090300000000
633887379360000000
633886090380000000
633886090420000000
633886091120000000
633887379860000000
633886092040000000
633886092180000000
633886092220000000
633886092280000000
633886092320000000
633886096660000000
633886098840000000
633886098940000000
633886099000000000
633887380200000000
633886102660000000
633886102840000000
633886102940000000
633887380560000000
633886115200000000
633887381020000000
633886115660000000
633886117840000000
633886118060000000
633886118100000000
633886119200000000
633887381380000000
633886152900000000
633886180280000000
633886164120000000
633875205680000000
633887382740000000
633887382380000000
633875213780000000
633875213840000000
633875213900000000
633875213960000000
633875214000000000
633875215580000000
633875218420000000
633887383060000000
633875219960000000
633875220520000000
633887383320000000
633875220720000000
633875234720000000
633875240760000000
633887383980000000
633875244140000000
633875250320000000
633875251520000000
633875251600000000
633875251680000000
634631371257908853
634597501962053439
634627947969121148
634633158480510662
634633158002603327
634629279136096501
634635689672807446
634628617253251577
634636420373701802
634637353738549487
634391902760000000
634391903460000000
634391904840000000
634391905200000000
634391906020000000
634391907240000000
634391907720000000
634391908500000000
634391909140000000
634391910320000000
634391911280000000
634391912040000000
634391912680000000
634391913600000000
634391914940000000
634391915760000000
634391916580000000
634391917300000000
634391918020000000
634391918640000000
634391919240000000
634391920320000000
634391920960000000
634391921880000000
634391922760000000
634391923700000000
634391925140000000
634391925760000000
634391926840000000
634391926840000000
634391927500000000
634391928140000000
634391929280000000
634391930200000000
634391931120000000
634391932060000000
634391932880000000
634391935180000000
634391935680000000
634391936220000000
634391937340000000
634391938100000000
634391939020000000
634391940360000000
634391940380000000
634391940420000000
634391940460000000
634391940500000000
634391940540000000
634391940580000000
634391940620000000
634391940660000000
634391940700000000
634391941280000000
634391941340000000
634391941380000000
634391941420000000
634391941480000000
634391941520000000
634391941580000000
634391941620000000
634391941660000000
634391941720000000
634391941880000000
634391941940000000
634391941980000000
634391942040000000
634391942080000000
634391942120000000
634391942180000000
634391942220000000
634391942280000000
634391942320000000
634391942900000000
634391942960000000
634391943880000000
634391944620000000
634394475620000000
634394476040000000
634394476540000000
634394477220000000
634394477580000000
634394477960000000
634394478460000000
634394478940000000
634394479520000000
634394480800000000
634394481160000000
634394481460000000
634394481820000000
634394482240000000
634394482760000000
634229189158448696
634121281280000000
634121281480000000
634121281500000000
634121281500000000
634121281520000000
634121281540000000
634121282300000000
634121282360000000
634121282820000000
634121284260000000
634121284360000000
634121286460000000
634121286520000000
634121286540000000
634121286560000000
634121286600000000
634122789760000000
634122789840000000
634122836120000000
634122836380000000
634122836740000000
634122836800000000
634122839840000000
634122844960000000
634122849620000000
634122850380000000
634122852100000000
634122852660000000
634122853820000000
634122854580000000
634122855620000000
634122856520000000
634122864640000000
634122866100000000
634122866240000000
634122866420000000
634122867440000000
634122867620000000
634122868060000000
634122868300000000
634122868960000000
634122869320000000
634122874680000000
634122876300000000
634122876720000000
634122877620000000
634122878320000000
634122879400000000
634122879560000000
634122880480000000
634122880560000000
634122880680000000
634122880720000000
634122880840000000
634122981760000000
634122981900000000
634122982160000000
634122982780000000
634122982960000000
634122982980000000
634122983000000000
634122983060000000
634122983100000000
634122983180000000
634122983200000000
634122983300000000
634122983300000000
634122983320000000
634122983340000000
634122983340000000
634122983440000000
634122983460000000
634122984000000000
634122984440000000
634122984980000000
634122985520000000
634122986360000000
634122986380000000
634122986720000000
634122987020000000
634122987080000000
634122987520000000
634122987740000000
634122988100000000
634122988340000000
634122988600000000
634122988700000000
634122988820000000
634122989500000000
634122989680000000
634122990240000000
634122990640000000
634122990940000000
634122990980000000
634122991340000000
634122991480000000
634122991520000000
634122991620000000
634122991800000000
634122991820000000
634122992000000000
634122992020000000
634122992240000000
634122992260000000
634122992580000000
634122992880000000
634122993000000000
634122993080000000
634122993460000000
634122993760000000
634122993900000000
634122994140000000
634122994760000000
634122994780000000
634122995160000000
634122995180000000
634122995420000000
634122995600000000
634637954201171317
634162082356562500
634523879078125000
634523879947343750
634162728184531250
634582729384200650
634162082356562500
634523879078125000
634523879947343750
634162728184531250
634582729384200650
634451441554086576
634541136609736458
634591584426054163
634591516866523440
634451467691957495
634156484594062500
634156484594062500
634156484594062500
634155751958750000
634517069559531250
634517069859687500
634517070816718750
634517071390312500
634517071642187500
634523885671250000
634597501962053439
634634736042929696
634631371257908853
634597501962053439
634565629087431910
634565629802069165
634603791247539669
634603791132411467
634603790117317684
634518587353437500
634557949543745301
634565632100468752
634557931082312855
634557931760934048
634603776513463208
634603790901531061
634624119667727817
634597493191755014
634597500356391177
634597500356391177
634601640566702318
634639041309344277
634639042536444463
634639042905205555
634639043036793081
634639043242224831
634639043743463500
634639044157777198
634639044309805893
634523167114062500
634585089850000000
634594204481828208
634565327257179709
634584644490000000
634584644490000000
634584644490000000
634584644490000000
634584644490000000
634584644490000000
634584644490000000
634584644490000000
634584645350000000
634584645350000000
634584644490000000
634584645350000000
634584644490000000
634584645350000000
634584645350000000
634584644490000000
634584644490000000
634584644490000000
634584644490000000
634584644490000000
634584644490000000
634584644490000000
634584644490000000
634584644490000000
634584645350000000
634584645350000000
634584644490000000
634584644490000000
634584644490000000
634584644490000000
634584644490000000
634584644490000000
634584644490000000
634584644490000000
634584644490000000
634584645350000000
634584644490000000
634584644490000000
634584644490000000
634584645350000000
634584644490000000
634584645350000000
634584644490000000
634584644490000000
634584644490000000
634584644490000000
634584644490000000
634584644490000000
634584645350000000
634584644490000000
634584644490000000
634584644490000000
634584644490000000
634584644490000000
634584645350000000
634584645350000000
634584644490000000
634584645350000000
634584645350000000
634584644500000000
634584644500000000
634584644500000000
634584644500000000
634584644500000000
634584644500000000
634584644500000000
634584645350000000
634584644490000000
634584645350000000
634584644500000000
634584644500000000
634584645360000000
634584644500000000
634584645360000000
634584644500000000
634584645360000000
634584644500000000
634584644500000000
634584644490000000
634584645360000000
634584645360000000
634584644500000000
634584644500000000
634584644500000000
634584644500000000
634584644500000000
634584644500000000
634584644500000000
634584644500000000
634584644490000000
634584644500000000
634584644500000000
634584645360000000
634584645360000000
634584644500000000
634584644500000000
634584644500000000
634584644500000000
634584644500000000
634584645360000000
634637954201171317
